imageSize
 2048.00000000000000000000000000000000	 2448.00000000000000000000000000000000

KK_L
 3579.65683384190742799546569585800171	    0.00000000000000000000000000000000	    0.00000000000000000000000000000000
    0.00000000000000000000000000000000	 3579.64668730383573347353376448154449	    0.00000000000000000000000000000000
 1226.00092898051002521242480725049973	 1008.84674455981917162716854363679886	    1.00000000000000000000000000000000

KK_R
 3583.34677811900564847746863961219788	    0.00000000000000000000000000000000	    0.00000000000000000000000000000000
    0.00000000000000000000000000000000	 3582.11445741344823545659892261028290	    0.00000000000000000000000000000000
 1201.41592436152814116212539374828339	 1027.57349725979565846500918269157410	    1.00000000000000000000000000000000

RadialDistortion_L
   -0.04894991232242793671725067383704	    0.24744119741989134553250551107340

RadialDistortion_R
   -0.05107053845980130679649278135912	    0.24373423259636861626376003187033

TangentialDistortion_L
   -0.00024958984113832851595843331793	    0.00027589267605001378856968696773

TangentialDistortion_R
   -0.00068627573684240986660876071568	   -0.00030644668772364364430285665897

R
    0.95250501382690189178248374446412	    0.01343329046590811814976262894561	   -0.30422647048189616070246188428428
   -0.01118692521864238578754857655895	    0.99989578146292146243467868771404	    0.00912572828908172518913577420108
    0.30431735300302215074808032113651	   -0.00528894317535984898048795344039	    0.95255602236368319690740236183046

T
 -153.37550252537582196055154781788588	   -1.05490962653874542631626809452428	   25.33072632667357027003163238987327

E
   -0.01934357209937409560751575554605	  -25.33771321405399490345189406070858	   -0.87088774567653759461904883210082
  -22.53324396164855869528764742426574	    1.11629022109755449143619898677571	  153.80733819898031811135297175496817
   -1.05553096736557794343980276607908	 -153.37131914998346360334835480898619	    1.13222162255465130797915662697051

F
    0.00000000041527433505531039383674	    0.00000054396012162168583759446708	   -0.00048235442734031856466120347093
    0.00000048391770758195367052806671	   -0.00000002397320762556352614555260	   -0.01239314796450651824655242450035
   -0.00041655951628961825636623950153	    0.01116977056601175730121688900454	    1.00000000000000000000000000000000

error_stereo
0.085123177

error
0.085123177
